<?xml version="1.0" encoding="UTF-8" standalone="no" ?>
<SimscapeMultibodyImportXML version="2.0" xmlns="urn:mathworks:SimscapeMultibody:import" xmlns:xsi="http://www.w3.org/2001/XMLSchema-instance">
	<Created by="" on="11/28/16||20:06:47" using="Simscape Multibody Link Version 4.8" from="SolidWorks 23.1.1"/>
	<ModelUnits mass="kilogram" length="millimeter"/>
	<DataUnits mass="kilogram" length="meter"/>
	<RootAssembly name="minitaur" uid="minitaur" version="961">
		<AssemblyFile name="minitaur.SLDASM" type="SolidWorks Assembly"/>
		<InstanceTree>
			<Instance name="minitaur-leg-linkages-1" uid="minitaur-leg-linkages-1" entityUid="minitaur-leg-linkages">
				<Transform>
					<Rotation>0.033261749794998678 0.080559167662471343 -0.99619469809174599 -0.38018353983821529 -0.92079549984901043 -0.087155742747654114 -0.92431278906907866 0.38163577919705188 1.1102230246251565e-016</Rotation>
					<Translation>0.13235930147334055 0.030901182541886889 -0.19999999999981741</Translation>
				</Transform>
				<Instance name="minitaur-leg-lower-link-toe-1" uid="minitaur-leg-lower-link-toe-1" entityUid="minitaur-leg-lower-link-toe*:*Default">
					<Transform>
						<Rotation>0.78801440083935992 -0.61565680705226078 4.6957233112869373e-015 0.61565680705226078 0.78801440083935981 1.8554481523280068e-015 -4.8426168767644684e-015 1.4288341565825337e-015 1</Rotation>
						<Translation>-0.10000000000000253 -1.7902346272080649e-015 0.010849999999999832</Translation>
					</Transform>
				</Instance>
				<Instance name="minitaur-leg-upper-link-3" uid="minitaur-leg-upper-link-3" entityUid="minitaur-leg-upper-link*:*Default">
					<Transform>
						<Rotation>0.64088796169638662 0.76763443158358324 -7.4734944129888227e-016 -0.76763443158358313 0.64088796169638673 3.7366296523778486e-015 3.3433991460060907e-015 -1.8279764974818389e-015 1</Rotation>
						<Translation>-1.7583157152500917e-013 -6.5739080845617082e-014 0.032549999999841289</Translation>
					</Transform>
				</Instance>
				<Instance name="minitaur-leg-upper-link-2" uid="minitaur-leg-upper-link-2" entityUid="minitaur-leg-upper-link*:*Default">
					<Transform>
						<Rotation>-1 1.8318679906315087e-015 -6.5372010148788789e-016 -1.8318679906315083e-015 -1 -7.5013726110707171e-016 -6.5372010148788927e-016 -7.5013726110707053e-016 1</Rotation>
						<Translation>0 0 0</Translation>
					</Transform>
				</Instance>
				<Instance name="minitaur-leg-lower-link-1" uid="minitaur-leg-lower-link-1" entityUid="minitaur-leg-lower-link*:*Default">
					<Transform>
						<Rotation>-0.032429580008833836 -0.99947402284424125 3.8287006907589139e-016 0.99947402284424125 -0.032429580008833891 -9.8483646182636139e-016 9.8936527004785704e-016 3.5793038906345976e-016 1.0000000000000002</Rotation>
						<Translation>0.06408879616963456 -0.076763443158378755 0.021699999999999997</Translation>
					</Transform>
				</Instance>
				<Instance name="2517T32-2" uid="2517T32-2" entityUid="2517T32*:*Default">
					<Transform>
						<Rotation>-3.3336437448127185e-015 -0.78801440083936147 -0.61565680705225878 -6.7434981091088609e-016 -0.61565680705225889 0.78801440083936136 -1 3.038504461748589e-015 1.5121008834294196e-015</Rotation>
						<Translation>0.082762764106315195 0.14278817706626362 0.01402500000004013</Translation>
					</Transform>
				</Instance>
				<Instance name="minitaur-leg-joint-placeholder-sim-1" uid="minitaur-leg-joint-placeholder-sim-1" entityUid="minitaur-leg-joint-placeholder-sim*:*Default">
					<Transform>
						<Rotation>2.9051634586916133e-015 0.64088796169638806 -0.76763443158358202 -2.3049704357803775e-015 -0.76763443158358202 -0.64088796169638806 -1 3.6278937960662867e-015 -7.532920347716503e-016</Rotation>
						<Translation>0.064088796169436441 -0.076763443158535991 0.038899999999832027</Translation>
					</Transform>
				</Instance>
				<Instance name="minitaur-leg-joint-placeholder-sim-2" uid="minitaur-leg-joint-placeholder-sim-2" entityUid="minitaur-leg-joint-placeholder-sim*:*Default">
					<Transform>
						<Rotation>3.6413601404865549e-015 0.61565680705226622 0.78801440083935559 2.2814738815783423e-015 -0.7880144008393557 0.61565680705226622 1 -4.5045011613161429e-016 -4.2875053644518894e-015</Rotation>
						<Translation>0.05760288016799936 0.12313136141034933 0.010850000000147186</Translation>
					</Transform>
				</Instance>
				<Instance name="minitaur-leg-joint-placeholder-sim-3" uid="minitaur-leg-joint-placeholder-sim-3" entityUid="minitaur-leg-joint-placeholder-sim*:*Default">
					<Transform>
						<Rotation>-1.9974875276704906e-016 -1 5.1625370645069779e-015 -5.9932643283172841e-016 -5.1625370645069779e-015 -1 1.0000000000000004 -1.7493642211829066e-016 -5.5584823179766833e-016</Rotation>
						<Translation>-0.10000000306671299 -6.1222890229695182e-009 -2.1651292980706671e-009</Translation>
					</Transform>
				</Instance>
			</Instance>
			<Instance name="minitaur-motor-module-2" uid="minitaur-motor-module-2" entityUid="minitaur-motor-module">
				<Transform>
					<Rotation>1.2583363170892703e-012 -0.087155742747654336 -0.99619469809174588 -1.4381357216208812e-011 0.9961946980917461 -0.087155742747654322 1.0000000000000002 1.4436313255927757e-011 1.2976474740648093e-016</Rotation>
					<Translation>0.066809690338823724 0.025166334669998871 -0.26032499999981717</Translation>
				</Transform>
				<Instance name="DYS-BLDC-86x10-BE8108-12-3" uid="DYS-BLDC-86x10-BE8108-12-3" entityUid="DYS-BLDC-86x10-BE8108-12">
					<Transform>
						<Rotation>1 0 0 0 0 1 0 -1 0</Rotation>
						<Translation>0.06032499999999999 0 0</Translation>
					</Transform>
					<Instance name="DYS-BLDC-86x10-BE8108-12-stator-1" uid="DYS-BLDC-86x10-BE8108-12-stator-1" entityUid="DYS-BLDC-86x10-BE8108-12-stator*:*Default">
						<Transform>
							<Rotation>1 0 0 0 1 0 0 0 1</Rotation>
							<Translation>0 0 0</Translation>
						</Transform>
					</Instance>
					<Instance name="DYS-BLDC-86x10-BE8108-12-rotor-1" uid="DYS-BLDC-86x10-BE8108-12-rotor-1" entityUid="DYS-BLDC-86x10-BE8108-12-rotor*:*Default">
						<Transform>
							<Rotation>0.95479656362710219 8.7902805037764208e-016 -0.29726002436566773 -4.3961860753198268e-016 0.99999999999999989 1.5512527430258425e-015 0.29726002436566773 -1.3322676295393761e-015 0.95479656362710208</Rotation>
							<Translation>0 0 0</Translation>
						</Transform>
					</Instance>
				</Instance>
				<Instance name="minitaur-motor-driver-board-1" uid="minitaur-motor-driver-board-1" entityUid="minitaur-motor-driver-board*:*Default">
					<Transform>
						<Rotation>-1 1.5645216692805552e-015 7.862470075145005e-016 -1.564521669280555e-015 -1 -1.6653345369564532e-016 7.862470075145002e-016 -1.6653345369564656e-016 1</Rotation>
						<Translation>0.12065000000000003 0 -0.0031750000000000805</Translation>
					</Transform>
				</Instance>
				<Instance name="minitaur-motor-driver-cover-1" uid="minitaur-motor-driver-cover-1" entityUid="minitaur-motor-driver-cover*:*Default">
					<Transform>
						<Rotation>1 0 0 0 1 0 0 0 1</Rotation>
						<Translation>0 0 0</Translation>
					</Transform>
				</Instance>
				<Instance name="minitaur-motor-module-plate-1" uid="minitaur-motor-module-plate-1" entityUid="minitaur-motor-module-plate*:*Default">
					<Transform>
						<Rotation>1 0 0 0 1 0 0 0 1</Rotation>
						<Translation>0 0 0</Translation>
					</Transform>
				</Instance>
			</Instance>
			<Instance name="minitaur-chassis-1" uid="minitaur-chassis-1" entityUid="minitaur-chassis" rigid="true">
				<Transform>
					<Rotation>1 0 0 0 1 0 0 0 1</Rotation>
					<Translation>0 0 0</Translation>
				</Transform>
				<Instance name="minitaur-battery-holder-1" uid="minitaur-battery-holder-1" entityUid="minitaur-battery-holder*:*Default">
					<Transform>
						<Rotation>1 0 0 0 1 0 0 0 1</Rotation>
						<Translation>0 0.0049999999999999706 -0.056250000000008578</Translation>
					</Transform>
				</Instance>
				<Instance name="minitaur-chassis-bottom-panel-1" uid="minitaur-chassis-bottom-panel-1" entityUid="minitaur-chassis-bottom-panel*:*Default">
					<Transform>
						<Rotation>-1 0 0 0 -1 0 0 2.2204460492503136e-016 1</Rotation>
						<Translation>0 0 0</Translation>
					</Transform>
				</Instance>
				<Instance name="minitaur-chassis-middle-plate-plastic-cover-1" uid="minitaur-chassis-middle-plate-plastic-cover-1" entityUid="minitaur-chassis-middle-plate-plastic-cover*:*Default">
					<Transform>
						<Rotation>1 0 0 0 1 0 0 0 1</Rotation>
						<Translation>0 0 0.13599999999999521</Translation>
					</Transform>
				</Instance>
				<Instance name="minitaur-chassis-middle-plate-plastic-cover-2" uid="minitaur-chassis-middle-plate-plastic-cover-2" entityUid="minitaur-chassis-middle-plate-plastic-cover*:*Default">
					<Transform>
						<Rotation>1 0 -6.6089231306340987e-010 0 1 4.5771882746544324e-013 6.6089231306340987e-010 -4.5771882746544324e-013 1</Rotation>
						<Translation>0 0 -0.14400000000000859</Translation>
					</Transform>
				</Instance>
				<Instance name="minitaur-chassis-middle-plate-plastic-cover-cutouts-1" uid="minitaur-chassis-middle-plate-plastic-cover-cutouts-1" entityUid="minitaur-chassis-middle-plate-plastic-cover-cutouts*:*Default">
					<Transform>
						<Rotation>1 0 0 0 1 0 0 0 1</Rotation>
						<Translation>0.077331879253775798 -0.051929594744425968 0.14699999999999522</Translation>
					</Transform>
				</Instance>
				<Instance name="minitaur-middle-plate-1" uid="minitaur-middle-plate-1" entityUid="minitaur-middle-plate*:*Default">
					<Transform>
						<Rotation>1 0 -6.6089231306340987e-010 0 1 4.5771882746544324e-013 6.6089231306340987e-010 -4.5771882746544324e-013 1</Rotation>
						<Translation>7.2698132675880231e-012 -5.068516762660474e-015 -0.1550000000000086</Translation>
					</Transform>
				</Instance>
				<Instance name="minitaur-chassis-top-panel-1" uid="minitaur-chassis-top-panel-1" entityUid="minitaur-chassis-top-panel*:*Default">
					<Transform>
						<Rotation>1 0 0 0 1 0 0 0 1</Rotation>
						<Translation>0 0.074714602356880933 0</Translation>
					</Transform>
				</Instance>
				<Instance name="minitaur-legs-side-1" uid="minitaur-legs-side-1" entityUid="minitaur-legs-side" rigid="true">
					<Transform>
						<Rotation>1.2583008286701391e-012 -0.087155742747654363 -0.99619469809174588 -1.4382314777144823e-011 0.99619469809174588 -0.087155742747654363 1 1.4437253870600979e-011 0</Rotation>
						<Translation>0.073135526672033879 0.025719773632702447 1.8284755752828422e-013</Translation>
					</Transform>
					<Instance name="minitaur-side-plate-1" uid="minitaur-side-plate-1" entityUid="minitaur-side-plate*:*Default">
						<Transform>
							<Rotation>1 0 0 0 1 0 0 0 1</Rotation>
							<Translation>0 0 0</Translation>
						</Transform>
					</Instance>
					<Instance name="minitaur-side-plate-outer-1" uid="minitaur-side-plate-outer-1" entityUid="minitaur-side-plate-outer*:*Default">
						<Transform>
							<Rotation>-1 -1.8918005310772709e-013 0 -1.8918005310773032e-013 1 -1.8318679906315619e-015 0 -1.8318679906313474e-015 -1</Rotation>
							<Translation>0 0 -0.080000000000000446</Translation>
						</Transform>
					</Instance>
					<Instance name="minitaur-side-panel-1" uid="minitaur-side-panel-1" entityUid="minitaur-side-panel*:*Default">
						<Transform>
							<Rotation>1 0 0 0 1 0 0 0 1</Rotation>
							<Translation>0 0 0.0063499999999999945</Translation>
						</Transform>
					</Instance>
					<Instance name="minitaur-side-panel-outer-1" uid="minitaur-side-panel-outer-1" entityUid="minitaur-side-panel-outer*:*Default">
						<Transform>
							<Rotation>-1 -1.8923556425895996e-013 0 -1.8923556425896158e-013 1 0 0 0 -1</Rotation>
							<Translation>0 0 -0.08635000000000044</Translation>
						</Transform>
					</Instance>
					<Instance name="minitaur-side-support-plate-1" uid="minitaur-side-support-plate-1" entityUid="minitaur-side-support-plate*:*Default">
						<Transform>
							<Rotation>0 -9.6670721913706584e-016 -1.0000000000000002 2.3592239273231816e-016 1.0000000000000002 -9.6670721914029701e-016 1 -2.4980018054049727e-016 0</Rotation>
							<Translation>-0.070999999999999938 0 -0.040000000000000091</Translation>
						</Transform>
					</Instance>
					<Instance name="minitaur-side-support-plate-2" uid="minitaur-side-support-plate-2" entityUid="minitaur-side-support-plate*:*Default">
						<Transform>
							<Rotation>0 -6.7116801430029673e-016 1.0000000000000002 -4.0245584642678219e-016 1.0000000000000002 6.711680143035279e-016 -1 -4.1633363423427075e-016 0</Rotation>
							<Translation>0.071000000000000008 0 -0.040000000000000105</Translation>
						</Transform>
					</Instance>
					<Instance name="minitaur-side-top-panel-1" uid="minitaur-side-top-panel-1" entityUid="minitaur-side-top-panel*:*Default">
						<Transform>
							<Rotation>1.4162539115996044e-016 -9.6670721913706584e-016 -1.0000000000000002 2.4980018054286785e-016 1.0000000000000002 -9.6670721913868142e-016 1 -2.6367796834831173e-016 1.4162539725224358e-016</Rotation>
							<Translation>0 0.025000000000000175 -0.040000000000000105</Translation>
						</Transform>
					</Instance>
				</Instance>
				<Instance name="minitaur-legs-side-2" uid="minitaur-legs-side-2" entityUid="minitaur-legs-side" rigid="true">
					<Transform>
						<Rotation>-1.2584655539882306e-012 0.087155742747654308 0.99619469809174588 -1.4383494395531216e-011 0.99619469809174621 -0.087155742747654336 -1 -1.4438561457552623e-011 0</Rotation>
						<Translation>-0.0731355270449216 0.025719773661267833 -1.9249879468219433e-013</Translation>
					</Transform>
					<Instance name="minitaur-side-plate-1" uid="minitaur-side-plate-1" entityUid="minitaur-side-plate*:*Default">
						<Transform>
							<Rotation>1 0 0 0 1 0 0 0 1</Rotation>
							<Translation>0 0 0</Translation>
						</Transform>
					</Instance>
					<Instance name="minitaur-side-plate-outer-1" uid="minitaur-side-plate-outer-1" entityUid="minitaur-side-plate-outer*:*Default">
						<Transform>
							<Rotation>-1 -1.8929815371962781e-013 0 -1.8929815371962781e-013 1 -1.8873791418615296e-015 0 -1.8873791418615335e-015 -1</Rotation>
							<Translation>0 0 -0.080000000000000418</Translation>
						</Transform>
					</Instance>
					<Instance name="minitaur-side-panel-1" uid="minitaur-side-panel-1" entityUid="minitaur-side-panel*:*Default">
						<Transform>
							<Rotation>1 0 0 0 1 0 0 0 1</Rotation>
							<Translation>0 0 0.0063500000000000084</Translation>
						</Transform>
					</Instance>
					<Instance name="minitaur-side-panel-outer-1" uid="minitaur-side-panel-outer-1" entityUid="minitaur-side-panel-outer*:*Default">
						<Transform>
							<Rotation>-1 -1.8935366487085906e-013 0 -1.8935366487085906e-013 1 0 0 0 -1</Rotation>
							<Translation>0 0 -0.08635000000000044</Translation>
						</Transform>
					</Instance>
					<Instance name="minitaur-side-support-plate-1" uid="minitaur-side-support-plate-1" entityUid="minitaur-side-support-plate*:*Default">
						<Transform>
							<Rotation>0 -8.4860660724119605e-016 -1 1.8041124150214492e-016 1 -8.4860660724119605e-016 1 -1.8041124150214492e-016 0</Rotation>
							<Translation>-0.070999999999999938 0 -0.040000000000000063</Translation>
						</Transform>
					</Instance>
					<Instance name="minitaur-side-support-plate-2" uid="minitaur-side-support-plate-2" entityUid="minitaur-side-support-plate*:*Default">
						<Transform>
							<Rotation>0 -5.5306740240442734e-016 1 -3.3306690738879455e-016 1.0000000000000002 6.7116801430191231e-016 -1 -3.8857805861755725e-016 0</Rotation>
							<Translation>0.071000000000000008 0 -0.040000000000000091</Translation>
						</Transform>
					</Instance>
					<Instance name="minitaur-side-top-panel-1" uid="minitaur-side-top-panel-1" entityUid="minitaur-side-top-panel*:*Default">
						<Transform>
							<Rotation>1.5545790271713194e-016 -8.4860660724119605e-016 -1 1.9428902931269485e-016 1 -8.4860660724119605e-016 1 -1.9428902931269473e-016 1.5545790271713211e-016</Rotation>
							<Translation>0 0.025000000000000189 -0.040000000000000091</Translation>
						</Transform>
					</Instance>
				</Instance>
				<Instance name="minitaur-battery-placeholder-1" uid="minitaur-battery-placeholder-1" entityUid="minitaur-battery-placeholder*:*Default">
					<Transform>
						<Rotation>0 0 -1 0 1 0 1 0 0</Rotation>
						<Translation>0 0.018999999999999972 -0.056250000000008578</Translation>
					</Transform>
				</Instance>
			</Instance>
			<Instance name="minitaur-motor-module-10" uid="minitaur-motor-module-10" entityUid="minitaur-motor-module">
				<Transform>
					<Rotation>1.2416161848660676e-012 0.087155742747652656 0.99619469809174599 -1.4193785036198389e-011 -0.99619469809174599 0.087155742747652656 1 -1.4247987379714306e-011 1.7841680191089882e-016</Rotation>
					<Translation>0.15915693885193327 0.033245672022657428 -0.26032499999981717</Translation>
				</Transform>
				<Instance name="minitaur-motor-driver-cover-1" uid="minitaur-motor-driver-cover-1" entityUid="minitaur-motor-driver-cover*:*Default">
					<Transform>
						<Rotation>1 0 0 0 1 0 0 0 1</Rotation>
						<Translation>0 0 0</Translation>
					</Transform>
				</Instance>
				<Instance name="minitaur-motor-module-plate-1" uid="minitaur-motor-module-plate-1" entityUid="minitaur-motor-module-plate*:*Default">
					<Transform>
						<Rotation>1 0 0 0 1 0 0 0 1</Rotation>
						<Translation>0 0 0</Translation>
					</Transform>
				</Instance>
				<Instance name="minitaur-motor-driver-board-1" uid="minitaur-motor-driver-board-1" entityUid="minitaur-motor-driver-board*:*Default">
					<Transform>
						<Rotation>-1 1.5543122344752192e-015 7.8591415231293882e-016 -1.5543122344752192e-015 -1 -1.804112415153277e-016 7.8591415231316838e-016 -1.8041124149904559e-016 1</Rotation>
						<Translation>0.12065000000000001 0 -0.0031750000000000944</Translation>
					</Transform>
				</Instance>
				<Instance name="DYS-BLDC-86x10-BE8108-12-3" uid="DYS-BLDC-86x10-BE8108-12-3" entityUid="DYS-BLDC-86x10-BE8108-12">
					<Transform>
						<Rotation>1 0 0 0 0 1 0 -1 0</Rotation>
						<Translation>0.060325000000000017 0 0</Translation>
					</Transform>
					<Instance name="DYS-BLDC-86x10-BE8108-12-rotor-1" uid="DYS-BLDC-86x10-BE8108-12-rotor-1" entityUid="DYS-BLDC-86x10-BE8108-12-rotor*:*Default">
						<Transform>
							<Rotation>0.38373059366140355 -5.5112419652030802e-016 0.92344508850730633 1.4303370979251759e-015 0.99999999999999989 0 -0.92344508850730644 1.3198986035904725e-015 0.3837305936614035</Rotation>
							<Translation>0 0 0</Translation>
						</Transform>
					</Instance>
					<Instance name="DYS-BLDC-86x10-BE8108-12-stator-1" uid="DYS-BLDC-86x10-BE8108-12-stator-1" entityUid="DYS-BLDC-86x10-BE8108-12-stator*:*Default">
						<Transform>
							<Rotation>1 0 0 0 1 0 0 0 1</Rotation>
							<Translation>0 0 0</Translation>
						</Transform>
					</Instance>
				</Instance>
			</Instance>
			<Instance name="minitaur-motor-module-19" uid="minitaur-motor-module-19" entityUid="minitaur-motor-module">
				<Transform>
					<Rotation>1.2589332679964914e-012 -0.087155742747653531 0.99619469809174599 1.4382684768547944e-011 -0.99619469809174599 -0.087155742747653531 1 1.4437677574794339e-011 -6.0907312126026011e-016</Rotation>
					<Translation>-0.066809690712366657 0.0251663346910759 -0.26032500000019254</Translation>
				</Transform>
				<Instance name="minitaur-motor-module-plate-1" uid="minitaur-motor-module-plate-1" entityUid="minitaur-motor-module-plate*:*Default">
					<Transform>
						<Rotation>1 0 0 0 1 0 0 0 1</Rotation>
						<Translation>0 0 0</Translation>
					</Transform>
				</Instance>
				<Instance name="DYS-BLDC-86x10-BE8108-12-3" uid="DYS-BLDC-86x10-BE8108-12-3" entityUid="DYS-BLDC-86x10-BE8108-12">
					<Transform>
						<Rotation>1 -6.9606271183537031e-016 8.8646080527574048e-016 -8.8646080527412489e-016 -6.3837823916072098e-016 1.0000000000000002 -6.9606271183458589e-016 -1.0000000000000002 -6.3837823916825913e-016</Rotation>
						<Translation>0.060325011556396912 8.5426768957341803e-009 -1.1183415499216309e-008</Translation>
					</Transform>
					<Instance name="DYS-BLDC-86x10-BE8108-12-stator-1" uid="DYS-BLDC-86x10-BE8108-12-stator-1" entityUid="DYS-BLDC-86x10-BE8108-12-stator*:*Default">
						<Transform>
							<Rotation>1 0 0 0 1 0 0 0 1</Rotation>
							<Translation>0 0 0</Translation>
						</Transform>
					</Instance>
					<Instance name="DYS-BLDC-86x10-BE8108-12-rotor-1" uid="DYS-BLDC-86x10-BE8108-12-rotor-1" entityUid="DYS-BLDC-86x10-BE8108-12-rotor*:*Default">
						<Transform>
							<Rotation>0.057269156608429912 -1.3816610806483082e-015 -0.99835877504099657 -1.9201165379661107e-015 1 -1.4940766512582349e-015 0.99835877504099657 2.0025297045057115e-015 0.057269156608429912</Rotation>
							<Translation>0 0 0</Translation>
						</Transform>
					</Instance>
				</Instance>
				<Instance name="minitaur-motor-driver-board-1" uid="minitaur-motor-driver-board-1" entityUid="minitaur-motor-driver-board*:*Default">
					<Transform>
						<Rotation>-1 5.446499919262791e-016 0 -5.4464999192789469e-016 -1.0000000000000002 0 0 0 1.0000000000000002</Rotation>
						<Translation>0.12065001150293178 8.4086825384577235e-009 -0.0031750111358006816</Translation>
					</Transform>
				</Instance>
				<Instance name="minitaur-motor-driver-cover-1" uid="minitaur-motor-driver-cover-1" entityUid="minitaur-motor-driver-cover*:*Default">
					<Transform>
						<Rotation>1 0 0 0 1 0 0 0 1</Rotation>
						<Translation>0 0 0</Translation>
					</Transform>
				</Instance>
			</Instance>
			<Instance name="minitaur-motor-module-11" uid="minitaur-motor-module-11" entityUid="minitaur-motor-module">
				<Transform>
					<Rotation>-1.257843708775612e-012 0.087155742747653892 -0.9961946980917461 1.4381363072736293e-011 -0.99619469809174588 -0.087155742747653767 -1 -1.4436235411066396e-011 -3.5360132717743865e-016</Rotation>
					<Translation>0.066809690339478894 0.025166334662510843 0.26032500000018288</Translation>
				</Transform>
				<Instance name="minitaur-motor-driver-cover-1" uid="minitaur-motor-driver-cover-1" entityUid="minitaur-motor-driver-cover*:*Default">
					<Transform>
						<Rotation>1 0 0 0 1 0 0 0 1</Rotation>
						<Translation>0 0 0</Translation>
					</Transform>
				</Instance>
				<Instance name="minitaur-motor-driver-board-1" uid="minitaur-motor-driver-board-1" entityUid="minitaur-motor-driver-board*:*Default">
					<Transform>
						<Rotation>-1 0 2.5331634374289628e-015 0 -1 -1.5265566589106335e-016 2.5331634374289628e-015 -1.5265566589106355e-016 1</Rotation>
						<Translation>0.12064999993471498 6.7183120178171407e-011 -0.0031750000623511909</Translation>
					</Transform>
				</Instance>
				<Instance name="DYS-BLDC-86x10-BE8108-12-3" uid="DYS-BLDC-86x10-BE8108-12-3" entityUid="DYS-BLDC-86x10-BE8108-12">
					<Transform>
						<Rotation>1 0 0 0 0 1 0 -1 0</Rotation>
						<Translation>0.06032499999999999 0 0</Translation>
					</Transform>
					<Instance name="DYS-BLDC-86x10-BE8108-12-rotor-1" uid="DYS-BLDC-86x10-BE8108-12-rotor-1" entityUid="DYS-BLDC-86x10-BE8108-12-rotor*:*Default">
						<Transform>
							<Rotation>-0.83349464462710776 -5.7200417987488534e-016 -0.55252753540247324 -1.8639211262512607e-015 1 1.7764980638437771e-015 0.55252753540247324 2.510569368476425e-015 -0.83349464462710776</Rotation>
							<Translation>0 0 0</Translation>
						</Transform>
					</Instance>
					<Instance name="DYS-BLDC-86x10-BE8108-12-stator-1" uid="DYS-BLDC-86x10-BE8108-12-stator-1" entityUid="DYS-BLDC-86x10-BE8108-12-stator*:*Default">
						<Transform>
							<Rotation>1 0 0 0 1 0 0 0 1</Rotation>
							<Translation>0 0 0</Translation>
						</Transform>
					</Instance>
				</Instance>
				<Instance name="minitaur-motor-module-plate-1" uid="minitaur-motor-module-plate-1" entityUid="minitaur-motor-module-plate*:*Default">
					<Transform>
						<Rotation>1 0 0 0 1 0 0 0 1</Rotation>
						<Translation>0 0 0</Translation>
					</Transform>
				</Instance>
			</Instance>
			<Instance name="minitaur-motor-module-18" uid="minitaur-motor-module-18" entityUid="minitaur-motor-module">
				<Transform>
					<Rotation>-1.239175526885683e-012 -0.087155742747652407 0.99619469809174621 1.4195090109391429e-011 0.99619469809174621 0.087155742747652434 -1 1.4249036601728514e-011 2.7458923757181377e-015</Rotation>
					<Translation>0.15915693885257964 0.033245672015267326 0.26032500000018288</Translation>
				</Transform>
				<Instance name="DYS-BLDC-86x10-BE8108-12-3" uid="DYS-BLDC-86x10-BE8108-12-3" entityUid="DYS-BLDC-86x10-BE8108-12">
					<Transform>
						<Rotation>1 -7.4078353267502894e-016 7.3962075571975762e-016 -7.3962075571975811e-016 -6.5225602699616864e-016 1 -7.4078353267502845e-016 -1 -6.5225602699616923e-016</Rotation>
						<Translation>0.06032499999999999 0 0</Translation>
					</Transform>
					<Instance name="DYS-BLDC-86x10-BE8108-12-stator-1" uid="DYS-BLDC-86x10-BE8108-12-stator-1" entityUid="DYS-BLDC-86x10-BE8108-12-stator*:*Default">
						<Transform>
							<Rotation>1 0 0 0 1 0 0 0 1</Rotation>
							<Translation>0 0 0</Translation>
						</Transform>
					</Instance>
					<Instance name="DYS-BLDC-86x10-BE8108-12-rotor-1" uid="DYS-BLDC-86x10-BE8108-12-rotor-1" entityUid="DYS-BLDC-86x10-BE8108-12-rotor*:*Default">
						<Transform>
							<Rotation>-0.20151343046673911 -2.9511422828787207e-016 -0.97948575147447992 1.0491586442843114e-016 1 -3.2287982092965489e-016 0.97948575147447992 -1.678282146552977e-016 -0.20151343046673911</Rotation>
							<Translation>0 0 0</Translation>
						</Transform>
					</Instance>
				</Instance>
				<Instance name="minitaur-motor-driver-cover-1" uid="minitaur-motor-driver-cover-1" entityUid="minitaur-motor-driver-cover*:*Default">
					<Transform>
						<Rotation>1 0 0 0 1 0 0 0 1</Rotation>
						<Translation>0 0 0</Translation>
					</Transform>
				</Instance>
				<Instance name="minitaur-motor-module-plate-1" uid="minitaur-motor-module-plate-1" entityUid="minitaur-motor-module-plate*:*Default">
					<Transform>
						<Rotation>1 0 0 0 1 0 0 0 1</Rotation>
						<Translation>0 0 0</Translation>
					</Transform>
				</Instance>
				<Instance name="minitaur-motor-driver-board-1" uid="minitaur-motor-driver-board-1" entityUid="minitaur-motor-driver-board*:*Default">
					<Transform>
						<Rotation>-1 4.0587952538803865e-016 0 -4.058795253880386e-016 -1 0 0 0 1</Rotation>
						<Translation>0.12065000000000001 0 -0.0031750000000000389</Translation>
					</Transform>
				</Instance>
			</Instance>
			<Instance name="minitaur-motor-module-21" uid="minitaur-motor-module-21" entityUid="minitaur-motor-module">
				<Transform>
					<Rotation>-1.2576688794508022e-012 0.08715574274765521 0.99619469809174588 -1.4383133863552551e-011 0.99619469809174577 -0.087155742747655335 -1 -1.4438014762134039e-011 6.896452529988316e-016</Rotation>
					<Translation>-0.066809690711711431 0.025166334698564594 0.26032499999980752</Translation>
				</Transform>
				<Instance name="DYS-BLDC-86x10-BE8108-12-3" uid="DYS-BLDC-86x10-BE8108-12-3" entityUid="DYS-BLDC-86x10-BE8108-12">
					<Transform>
						<Rotation>1 -9.1592495131491832e-016 7.9743253733828742e-016 -7.9743253734474977e-016 -3.6082248300644289e-016 0.99999999999999989 -9.1592495131398904e-016 -1 -4.7184478547564922e-016</Rotation>
						<Translation>0.060324999999999962 0 0</Translation>
					</Transform>
					<Instance name="DYS-BLDC-86x10-BE8108-12-stator-1" uid="DYS-BLDC-86x10-BE8108-12-stator-1" entityUid="DYS-BLDC-86x10-BE8108-12-stator*:*Default">
						<Transform>
							<Rotation>1 0 0 0 1 0 0 0 1</Rotation>
							<Translation>0 0 0</Translation>
						</Transform>
					</Instance>
					<Instance name="DYS-BLDC-86x10-BE8108-12-rotor-1" uid="DYS-BLDC-86x10-BE8108-12-rotor-1" entityUid="DYS-BLDC-86x10-BE8108-12-rotor*:*Default">
						<Transform>
							<Rotation>0.89967754148092915 -1.1921777326026848e-015 -0.43655506108030762 1.8364560450740762e-015 1 1.0563509062583745e-015 0.4365550610803075 -1.7486012638051024e-015 0.89967754148092927</Rotation>
							<Translation>0 0 0</Translation>
						</Transform>
					</Instance>
				</Instance>
				<Instance name="minitaur-motor-driver-board-1" uid="minitaur-motor-driver-board-1" entityUid="minitaur-motor-driver-board*:*Default">
					<Transform>
						<Rotation>-1 6.0428157547099901e-016 0 -6.042815754596899e-016 -0.99999999999999989 -2.2065682614538267e-015 0 -1.9706458686996963e-015 1.0000000000000002</Rotation>
						<Translation>0.12064999999999998 0 -0.0031750000000000667</Translation>
					</Transform>
				</Instance>
				<Instance name="minitaur-motor-driver-cover-1" uid="minitaur-motor-driver-cover-1" entityUid="minitaur-motor-driver-cover*:*Default">
					<Transform>
						<Rotation>1 0 0 0 1 0 0 0 1</Rotation>
						<Translation>0 0 0</Translation>
					</Transform>
				</Instance>
				<Instance name="minitaur-motor-module-plate-1" uid="minitaur-motor-module-plate-1" entityUid="minitaur-motor-module-plate*:*Default">
					<Transform>
						<Rotation>1 0 0 0 1 0 0 0 1</Rotation>
						<Translation>0 0 0</Translation>
					</Transform>
				</Instance>
			</Instance>
			<Instance name="minitaur-leg-linkages-9" uid="minitaur-leg-linkages-9" entityUid="minitaur-leg-linkages">
				<Transform>
					<Rotation>-0.046694655536352402 0.073591661472184294 0.99619469809174577 -0.5337223550399538 0.84115653967422155 -0.087155742747653642 -0.84436962100430091 -0.53576108772945907 -6.8695049648681561e-016</Rotation>
					<Translation>-0.13235930184622721 0.030901182570454901 0.19999999999980747</Translation>
				</Transform>
				<Instance name="minitaur-leg-joint-placeholder-sim-1" uid="minitaur-leg-joint-placeholder-sim-1" entityUid="minitaur-leg-joint-placeholder-sim*:*Default">
					<Transform>
						<Rotation>-8.4481607099187259e-016 0.5257711703604242 0.85062604969388844 -3.0807872968467371e-016 0.85062604969388844 -0.5257711703604242 -1 -7.0623972721107719e-016 -5.5664364291626459e-016</Rotation>
						<Translation>0.052577117036011006 0.085062604969295907 0.038900000000023097</Translation>
					</Transform>
				</Instance>
				<Instance name="minitaur-leg-lower-link-toe-1" uid="minitaur-leg-lower-link-toe-1" entityUid="minitaur-leg-lower-link-toe*:*Default">
					<Transform>
						<Rotation>0.8194971528512186 0.57308325439568231 -1.6327717922056473e-016 -0.57308325439568231 0.8194971528512186 -7.8283973735712414e-016 -2.9068860880457843e-016 7.3810352868405158e-016 0.99999999999999978</Rotation>
						<Translation>-0.10000000000002021 -1.2305434449189079e-013 0.010850000000017859</Translation>
					</Transform>
				</Instance>
				<Instance name="minitaur-leg-lower-link-1" uid="minitaur-leg-lower-link-1" entityUid="minitaur-leg-lower-link*:*Default">
					<Transform>
						<Rotation>0.056611567671006668 0.99839627924278196 2.7874987870939779e-016 -0.99839627924278185 0.056611567671006613 -7.3054171970511001e-016 -7.37069975003666e-016 -2.3272196297835342e-016 1</Rotation>
						<Translation>0.05257711703602172 0.085062604969311922 0.021700000000020592</Translation>
					</Transform>
				</Instance>
				<Instance name="minitaur-leg-upper-link-2" uid="minitaur-leg-upper-link-2" entityUid="minitaur-leg-upper-link*:*Default">
					<Transform>
						<Rotation>-1 -1.1102230246251578e-016 2.2487156248594985e-016 1.1102230246251568e-016 -1 -2.9865240617499613e-016 2.248715624859499e-016 -2.9865240617499608e-016 1</Rotation>
						<Translation>0 0 0</Translation>
					</Transform>
				</Instance>
				<Instance name="minitaur-leg-upper-link-3" uid="minitaur-leg-upper-link-3" entityUid="minitaur-leg-upper-link*:*Default">
					<Transform>
						<Rotation>0.52577117036042353 -0.850626049693889 2.9131672578375024e-016 0.85062604969388889 0.52577117036042353 1.1834022979546076e-015 -1.1513840116936535e-015 -3.831584427909167e-016 0.99999999999999989</Rotation>
						<Translation>-3.0253577421035516e-014 -9.3355878583167851e-014 0.03255000000002152</Translation>
					</Transform>
				</Instance>
				<Instance name="2517T32-2" uid="2517T32-2" entityUid="2517T32*:*Default">
					<Transform>
						<Rotation>-2.8294213256839299e-016 -0.81949715285121871 0.57308325439568197 4.9530626012618219e-016 0.57308325439568208 0.8194971528512186 -0.99999999999999989 5.1572199553711701e-016 2.4375267182484223e-016</Rotation>
						<Translation>0.090064502213097572 -0.1329141694934714 0.014025000000018592</Translation>
					</Transform>
				</Instance>
				<Instance name="minitaur-leg-joint-placeholder-sim-2" uid="minitaur-leg-joint-placeholder-sim-2" entityUid="minitaur-leg-joint-placeholder-sim*:*Default">
					<Transform>
						<Rotation>-3.7362091609601896e-016 -0.57308325439568131 0.81949715285121938 -1.1837014673354825e-016 -0.81949715285121938 -0.57308325439568131 1 -3.111198887373262e-016 2.383453280729957e-016</Rotation>
						<Translation>0.063899430570221044 -0.11461665087925958 0.010850000000019525</Translation>
					</Transform>
				</Instance>
				<Instance name="minitaur-leg-joint-placeholder-sim-3" uid="minitaur-leg-joint-placeholder-sim-3" entityUid="minitaur-leg-joint-placeholder-sim*:*Default">
					<Transform>
						<Rotation>-3.0111424937225407e-016 -0.99999999999999989 -4.9960036108132044e-016 5.9320399043128872e-016 4.4408920985006262e-016 -0.99999999999999989 0.99999999999999978 -3.1636216201881396e-016 6.0340380133294341e-016</Rotation>
						<Translation>-0.099999999999985517 -9.9906194428456274e-014 7.6161299489285739e-014</Translation>
					</Transform>
				</Instance>
			</Instance>
			<Instance name="minitaur-motor-module-22" uid="minitaur-motor-module-22" entityUid="minitaur-motor-module">
				<Transform>
					<Rotation>-1.2437334148684975e-012 -0.087155742747652767 -0.9961946980917461 -1.4195901398839084e-011 -0.9961946980917461 0.087155742747652767 -1 1.4250267632576197e-011 1.7056242505295262e-015</Rotation>
					<Translation>-0.15915693922482085 0.033245672051223141 0.26032499999980752</Translation>
				</Transform>
				<Instance name="minitaur-motor-module-plate-1" uid="minitaur-motor-module-plate-1" entityUid="minitaur-motor-module-plate*:*Default">
					<Transform>
						<Rotation>1 0 0 0 1 0 0 0 1</Rotation>
						<Translation>0 0 0</Translation>
					</Transform>
				</Instance>
				<Instance name="minitaur-motor-driver-cover-1" uid="minitaur-motor-driver-cover-1" entityUid="minitaur-motor-driver-cover*:*Default">
					<Transform>
						<Rotation>1 0 0 0 1 0 0 0 1</Rotation>
						<Translation>0 0 0</Translation>
					</Transform>
				</Instance>
				<Instance name="minitaur-motor-driver-board-1" uid="minitaur-motor-driver-board-1" entityUid="minitaur-motor-driver-board*:*Default">
					<Transform>
						<Rotation>-0.99999999999999989 -2.5542762436049299e-015 0 2.5542762436049295e-015 -1 0 0 0 0.99999999999999989</Rotation>
						<Translation>0.12065000000000031 -1.8630930131990908e-015 -0.0031749999999995948</Translation>
					</Transform>
				</Instance>
				<Instance name="DYS-BLDC-86x10-BE8108-12-3" uid="DYS-BLDC-86x10-BE8108-12-3" entityUid="DYS-BLDC-86x10-BE8108-12">
					<Transform>
						<Rotation>1 0 9.1822208549145855e-016 -9.056369520523676e-016 0 1 1.0144511091839778e-016 -1 0</Rotation>
						<Translation>0.060325000000000045 0 0</Translation>
					</Transform>
					<Instance name="DYS-BLDC-86x10-BE8108-12-stator-1" uid="DYS-BLDC-86x10-BE8108-12-stator-1" entityUid="DYS-BLDC-86x10-BE8108-12-stator*:*Default">
						<Transform>
							<Rotation>1 0 0 0 1 0 0 0 1</Rotation>
							<Translation>0 0 0</Translation>
						</Transform>
					</Instance>
					<Instance name="DYS-BLDC-86x10-BE8108-12-rotor-1" uid="DYS-BLDC-86x10-BE8108-12-rotor-1" entityUid="DYS-BLDC-86x10-BE8108-12-rotor*:*Default">
						<Transform>
							<Rotation>0.84436962101193536 0 -0.53576108771742725 0 1 1.1431000231760952e-016 0.53576108771742714 -1.2490009029700956e-016 0.84436962101193513</Rotation>
							<Translation>0 0 0</Translation>
						</Transform>
					</Instance>
				</Instance>
			</Instance>
			<Instance name="minitaur-leg-linkages-6" uid="minitaur-leg-linkages-6" entityUid="minitaur-leg-linkages">
				<Transform>
					<Rotation>0.047945202391711191 0.072783109726865441 -0.99619469809174599 -0.54801617100375033 -0.83191475093575129 -0.087155742747653087 -0.83509253013423967 0.55010950374811185 -1.9845236565174673e-015</Rotation>
					<Translation>0.1323593014738457 0.030901182536111134 0.20000000000018892</Translation>
				</Transform>
				<Instance name="minitaur-leg-upper-link-3" uid="minitaur-leg-upper-link-3" entityUid="minitaur-leg-upper-link*:*Default">
					<Transform>
						<Rotation>0.39209450331428897 0.91992494284627413 -1.022570014107962e-015 -0.91992494284627435 0.39209450331428886 1.4794428273366899e-015 1.7373565666741732e-015 3.7485899890102656e-016 1</Rotation>
						<Translation>-2.1142723682920916e-010 -8.1124974793400639e-010 0.032549999993477491</Translation>
					</Transform>
				</Instance>
				<Instance name="minitaur-leg-upper-link-2" uid="minitaur-leg-upper-link-2" entityUid="minitaur-leg-upper-link*:*Default">
					<Transform>
						<Rotation>-0.99999999999999989 3.8857805861880479e-016 -1.0395939096394161e-016 -3.8857805861880479e-016 -0.99999999999999989 0 -1.02948646957205e-016 0 1</Rotation>
						<Translation>0 0 0</Translation>
					</Transform>
				</Instance>
				<Instance name="minitaur-leg-lower-link-toe-1" uid="minitaur-leg-lower-link-toe-1" entityUid="minitaur-leg-lower-link-toe*:*Default">
					<Transform>
						<Rotation>0.84908388125064072 -0.52825804546674704 0 0.52825804546674715 0.84908388125064083 -3.0519917605780317e-016 1.7819535387459916e-016 2.5150180793478415e-016 1.0000000000000002</Rotation>
						<Translation>-0.099999999704516035 4.6479097237650535e-009 0.010849999097117702</Translation>
					</Transform>
				</Instance>
				<Instance name="minitaur-leg-lower-link-1" uid="minitaur-leg-lower-link-1" entityUid="minitaur-leg-lower-link*:*Default">
					<Transform>
						<Rotation>0.15303662959319458 -0.98822051689021073 4.4660699839997701e-016 0.98822051689021051 0.15303662959319458 4.8861636522830552e-016 -5.4766822363254424e-016 3.6706368377891256e-016 0.99999999999999989</Rotation>
						<Translation>0.039209450331067791 -0.091992490267506333 0.021699998957142669</Translation>
					</Transform>
				</Instance>
				<Instance name="2517T32-2" uid="2517T32-2" entityUid="2517T32*:*Default">
					<Transform>
						<Rotation>9.3197881820576883e-016 -0.84908388125064072 -0.52825804546674671 7.142289802866373e-016 -0.52825804546674682 0.84908388125064072 -1 -1.1496405004216112e-015 1.1272392985664037e-016</Rotation>
						<Translation>0.096926499608016387 0.12251794422899075 0.014024999382553957</Translation>
					</Transform>
				</Instance>
				<Instance name="minitaur-leg-joint-placeholder-sim-1" uid="minitaur-leg-joint-placeholder-sim-1" entityUid="minitaur-leg-joint-placeholder-sim*:*Default">
					<Transform>
						<Rotation>1.130173045631128e-015 0.39209450331428913 -0.91992494284627435 -1.6886082381624017e-015 -0.91992494284627435 -0.39209450331428913 -1 1.9965274759672296e-015 -3.7758036597391145e-016</Rotation>
						<Translation>0.039209450120286288 -0.091992495095830296 0.038899999993757636</Translation>
					</Transform>
				</Instance>
				<Instance name="minitaur-leg-joint-placeholder-sim-2" uid="minitaur-leg-joint-placeholder-sim-2" entityUid="minitaur-leg-joint-placeholder-sim*:*Default">
					<Transform>
						<Rotation>-9.1492112303961979e-016 0.52825804546674593 0.84908388125064149 2.2406604233324371e-016 -0.84908388125064149 0.52825804546674593 1 6.7356530909393081e-016 6.5848008861024766e-016</Rotation>
						<Translation>0.069816776545392548 0.10565161374161679 0.010849999096799609</Translation>
					</Transform>
				</Instance>
				<Instance name="minitaur-leg-joint-placeholder-sim-3" uid="minitaur-leg-joint-placeholder-sim-3" entityUid="minitaur-leg-joint-placeholder-sim*:*Default">
